[TS0]
Alpha = 4.509370500000000170e+00
Delta = -6.951891000000000043e-01
h0 = 9.999999999999999237e-26
cosi = 1.000000000000000000e+00
psi = 0.000000000000000000e+00
transientWindowType = none
refTime = 1375666000.000000000
Freq = 4.349499770499999727e+02
f1dot = -7.225854920000000227e-09
f2dot = 3.616943539999999777e-19
phi0 = 0.000000000000000000e+00
